931184640
931446784
931667968
931737600
931770368
931868672
932020224
932081664
932098048
932102144
932274176
932278272
932352000
932458496
932499456
932515840
932552704
932605952
932630528
932651008
932696064
932700160
932704256
932794368
933142528
933191680
933199872
933203968
933208064
933212160
933224448
933253120
933257216
933294080
933298176
933302272
933326848
933515264
933584896
933588992
933720064
933740544
933744640
933748736
933789696
933801984
933830656
933834752
933847040
934006784
934019072
934105088
934174720
934182912
934187008
934342656
934354944
934359040
934404096
934420480
934490112
934498304
934526976
934535168
934608896
934612992
934690816
934776832
934948864
934961152
934965248
938012672
938037248
938070016
938074112
938078208
938090496
938119168
938172416
938598400
938602496
938651648
938655744
938663936
938668032
938672128
938754048
938762240
938860544
939954176
939958272
939962368
939966464
939974656
939978752
939999232
940056576
940060672
940064768
940068864
940072960
940146688
940535808
940539904
940544000
940548096
940552192
941338624
941355008
941359104
941367296
942223360
942305280
942321664
942366720
942370816
942387200
942391296
942395392
942399488
942403584
943063040
943067136
943079424
943083520
943087616
943091712
943321088
943415296
943419392
943480832
943489024
943493120
943505408
943611904
944263168
944734208
944738304
944742400
944779264
944783360
944787456
944791552
944795648
944799744
944877568
944889856
944893952
944975872
944979968
944984064
944988160
944992256
944996352
945004544
945045504
945057792
945061888
945065984
945070080
945074176
945078272
945090560
945258496
945278976
945295360
945311744
945315840
945319936
945324032
945328128
945332224
945336320
945340416
945348608
945352704
945360896
945364992
945369088
945381376
945393664
945397760
945401856
945405952
945410048
945418240
945422336
945471488
945475584
945500160
945504256
945516544
945598464
945602560
945655808
945659904
945664000
945836032
945848320
945856512
945860608
945864704
945885184
945889280
945893376
945897472
945909760
945913856
945926144
945930240
945938432
945942528
945946624
945954816
945958912
945967104
945971200
945987584
945999872
946003968
946008064
946020352
946024448
946028544
946032640
946040832
946044928
946049024
946077696
946081792
946102272
946118656
946122752
946159616
946192384
946343936
946364416
946417664
946429952
946442240
946466816
946495488
946499584
946503680
946507776
946528256
946532352
946536448
946540544
946552832
946561024
946565120
946569216
946573312
946581504
946614272
946630656
946696192
946778112
946782208
946786304
946790400
946794496
946806784
946864128
946876416
946880512
946884608
946888704
946892800
946896896
946978816
947027968
947032064
947036160
947040256
947077120
947113984
947142656
947146752
947150848
947154944
947159040
947163136
947167232
947179520
947183616
947187712
947191808
947212288
947216384
947228672
949497856
949538816
949542912
949547008
949600256
949624832
949628928
949633024
949637120
949641216
949645312
949649408
949678080
949821440
949825536
949837824
949903360
949907456
949964800
950087680
950112256
950116352
950120448
950132736
950136832
950140928
950145024
950153216
950157312
950177792
950190080
950210560
950222848
950231040
950235136
950243328
950251520
950255616
950259712
950263808
950304768
950317056
950321152
950333440
950337536
950345728
950349824
950415360
950419456
950423552
950427648
950435840
950439936
950521856
950525952
950530048
950624256
950628352
950681600
950685696
950697984
950775808
950779904
950784000
950788096
950808576
950931456
950935552
950939648
950943744
950947840
950951936
951029760
951033856
951037952
951042048
951066624
951132160
951173120
951185408
951193600
951197696
951201792
951218176
951271424
951283712
951357440
951361536
951373824
951377920
951382016
951386112
951402496
951427072
951451648
951455744
951459840
951463936
951468032
951472128
951476224
951492608
951496704
951500800
951615488
951640064
951644160
951652352
951713792
951717888
951730176
951734272
951803904
951865344
951869440
951881728
951906304
952045568
952147968
952152064
952156160
952164352
952168448
952315904
952332288
952348672
952442880
952500224
952504320
952508416
952549376
952557568
952561664
952619008
952623104
952647680
952651776
952676352
952733696
952807424
952811520
952848384
952852480
952856576
952860672
952905728
952909824
952913920
952918016
952930304
952938496
952942592
952991744
952995840
952999936
953004032
953008128
953024512
953036800
953081856
953090048
953106432
953110528
953163776
953167872
953171968
953176064
953274368
953278464
953282560
953298944
953327616
953339904
953344000
953348096
953356288
953360384
953376768
953413632
953421824
953434112
953438208
953450496
953454592
953499648
953516032
953520128
953524224
953528320
953532416
953536512
953540608
953544704
953565184
953569280
953618432
953622528
953679872
953688064
953692160
953696256
953700352
953704448
953708544
953712640
953724928
953729024
953749504
953757696
953761792
953782272
953786368
953790464
953806848
953810944
953815040
953827328
953876480
953880576
953884672
953888768
953892864
953950208
953954304
953958400
954036224
954040320
954044416
954048512
954060800
954064896
954105856
954118144
954122240
954126336
954130432
954134528
954138624
954155008
954200064
954204160
954208256
954212352
954216448
954220544
954224640
954228736
954359808
954376192
954380288
954408960
954425344
954449920
954560512
954564608
954572800
954675200
954843136
954875904
954916864
954925056
955428864
955449344
955498496
955502592
955514880
955650048
955654144
955666432
955674624
955678720
955744256
955756544
955760640
955777024
955854848
955875328
955891712
955895808
955940864
955944960
955953152
955957248
955961344
956018688
956035072
956039168
956043264
956047360
956100608
956125184
956137472
956145664
956211200
956215296
956231680
956235776
956243968
956248064
956252160
956256256
956264448
956321792
956518400
956559360
956563456
956567552
956571648
956583936
956600320
956735488
956739584
956743680
956755968
956760064
956764160
956768256
956776448
956825600
956841984
956850176
956878848
956891136
957054976
957067264
957083648
957087744
957095936
957161472
957165568
957169664
957251584
957255680
957259776
957263872
957337600
957345792
957362176
957366272
957370368
957374464
957435904
957448192
957472768
957485056
957489152
957497344
957501440
957505536
957509632
957513728
957534208
957673472
957677568
957681664
957685760
957689856
957710336
957718528
957722624
957857792
957886464
957947904
957952000
957980672
958013440
958017536
958029824
958050304
958054400
958070784
958087168
958091264
958095360
958099456
958107648
958111744
958156800
958173184
958177280
958185472
958189568
958300160
958312448
958316544
958459904
958464000
958468096
958472192
958599168
958615552
958619648
958636032
958660608
958676992
958742528
958992384
958996480
959000576
959053824
959164416
959188992
959197184
959201280
959221760
959225856
959234048
959238144
959242240
959262720
959283200
959303680
959307776
959320064
959324160
959328256
959332352
959348736
959361024
959369216
959418368
959664128
959668224
959672320
959680512
959696896
959733760
959754240
959905792
959909888
959913984
959918080
959922176
959930368
960008192
960012288
960024576
960106496
960110592
960540672
960815104
960966656
960970752
961015808
961019904
961024000
961409024
961482752
961486848
961503232
961540096
961544192
961548288
961560576
961576960
961585152
961617920
961622016
961626112
961630208
961671168
961687552
962011136
962015232
962035712
962080768
962084864
962105344
962109440
962256896
962269184
962347008
962351104
962367488
962371584
962375680
962383872
962400256
962519040
962523136
962527232
962613248
962617344
962699264
962719744
962781184
962789376
962793472
962822144
962838528
962863104
962867200
962871296
962875392
962883584
962899968
962904064
962916352
962920448
962961408
963039232
963043328
963207168
963211264
963219456
963264512
963276800
963280896
963354624
963379200
963387392
963391488
963395584
963399680
963411968
963416064
963428352
963432448
963436544
963440640
963444736
963448832
963452928
963461120
963620864
963624960
963633152
963637248
963641344
963645440
963649536
963911680
963981312
963985408
963989504
963993600
964018176
964038656
964063232
964067328
964071424
964075520
964096000
964108288
964116480
964120576
964124672
964128768
964132864
964136960
964141056
964157440
964161536
964173824
964210688
964214784
964227072
964235264
964239360
964243456
964247552
964251648
964333568
964337664
964415488
964419584
964423680
964427776
964431872
964456448
964460544
964534272
964538368
964542464
964546560
964550656
964554752
964558848
964567040
964575232
964583424
964587520
964591616
964608000
964624384
964644864
964648960
964657152
964661248
964673536
964681728
964685824
964689920
964694016
964698112
964702208
964714496
964718592
964730880
964734976
964747264
964751360
964763648
964767744
964771840
964775936
964792320
964804608
964837376
964841472
964845568
964849664
964853760
964857856
964861952
964911104
964915200
964923392
964927488
964935680
964939776
965074944
965079040
965107712
965111808
965115904
965120000
965554176
965566464
965570560
965574656
965578752
965603328
965607424
965611520
965615616
965619712
965623808
965627904
965632000
965701632
965734400
965754880
965783552
965787648
965791744
965799936
965816320
965840896
965844992
965849088
965853184
965857280
965877760
965881856
965885952
965890048
965894144
965898240
965906432
965910528
965926912
965931008
965935104
965939200
965959680
965971968
965976064
965980160
966004736
966008832
966012928
966057984
966062080
966066176
966070272
966074368
966123520
966131712
966139904
966144000
966148096
966152192
966156288
966160384
966164480
966176768
966201344
966221824
966225920
966230016
966234112
966238208
966242304
966246400
966250496
966258688
966270976
966275072
966311936
966316032
966320128
966324224
966328320
966332416
966352896
966389760
966393856
966397952
966406144
966410240
966418432
966422528
966447104
966463488
966475776
966479872
966483968
966496256
966500352
966508544
966512640
966520832
966524928
966537216
966545408
966569984
966578176
966582272
966586368
966590464
966594560
966606848
966623232
966660096
966664192
966668288
966672384
966676480
966680576
966733824
966737920
966742016
966746112
966750208
966754304
966758400
966762496
966766592
966787072
966819840
966828032
966832128
966836224
966840320
966844416
966848512
966852608
966856704
966873088
966881280
966885376
966922240
966926336
966930432
966934528
966938624
966950912
966955008
966963200
966979584
966983680
966987776
966995968
967004160
967008256
967012352
967016448
967045120
967049216
967065600
967069696
967122944
967147520
967151616
967155712
967159808
967168000
967172096
967192576
967204864
967213056
967217152
967221248
967225344
967237632
967241728
967249920
967254016
967258112
967262208
967372800
967376896
967421952
967426048
967430144
967434240
967438336
967442432
967446528
967450624
967454720
967458816
967462912
967467008
967479296
967671808
967675904
967704576
967708672
967712768
967716864
967720960
967725056
967737344
967749632
967753728
967782400
967794688
967798784
967802880
967806976
967839744
967856128
967860224
967864320
967868416
967872512
967880704
967954432
967962624
967966720
967970816
967974912
967991296
967999488
968007680
968011776
968101888
968294400
968298496
968302592
968306688
968318976
968323072
968327168
968331264
968339456
968343552
968388608
968400896
968404992
968417280
968437760
968445952
968470528
968474624
968478720
968482816
968577024
968617984
968646656
968650752
968654848
968658944
968663040
968667136
968671232
968704000
968708096
968728576
968732672
968736768
968740864
968744960
968749056
968769536
968781824
968806400
968822784
968843264
968863744
